# W_Value [GeV]    Elastic [pb]    Inelastic [pb]
10.000000	9.884294e+00	4.868330e+00
10.153658	9.448150e+00	4.662876e+00
10.309676	9.030086e+00	4.465285e+00
10.468092	8.629437e+00	4.276168e+00
10.628943	8.245556e+00	4.093367e+00
10.792265	7.877810e+00	3.918539e+00
10.958096	7.525587e+00	3.750653e+00
11.126475	7.188293e+00	3.589615e+00
11.297442	6.865349e+00	3.435134e+00
11.471036	6.556196e+00	3.286918e+00
11.647297	6.260292e+00	3.144756e+00
11.826267	5.977114e+00	3.008465e+00
12.007987	5.706153e+00	2.877924e+00
12.192499	5.446921e+00	2.752837e+00
12.379846	5.198944e+00	2.631863e+00
12.570072	4.961766e+00	2.516295e+00
12.763220	4.734946e+00	2.406599e+00
12.959337	4.518060e+00	2.300831e+00
13.158467	4.310698e+00	2.199635e+00
13.360657	4.112466e+00	2.102672e+00
13.565954	3.922986e+00	2.009635e+00
13.774405	3.741890e+00	1.920738e+00
13.986059	3.568828e+00	1.835513e+00
14.200966	3.403463e+00	1.753963e+00
14.419174	3.245468e+00	1.675882e+00
14.640736	3.094532e+00	1.601117e+00
14.865702	2.950354e+00	1.529836e+00
15.094125	2.812645e+00	1.461077e+00
15.326058	2.681130e+00	1.395498e+00
15.561555	2.555542e+00	1.332758e+00
15.800670	2.435625e+00	1.272727e+00
16.043459	2.321135e+00	1.215310e+00
16.289979	2.211837e+00	1.160375e+00
16.540287	2.107504e+00	1.107853e+00
16.794441	2.007922e+00	1.057610e+00
17.052501	1.912882e+00	1.009644e+00
17.314526	1.822186e+00	9.637576e-01
17.580577	1.735642e+00	9.190408e-01
17.850716	1.653069e+00	8.774788e-01
18.125005	1.574292e+00	8.373576e-01
18.403510	1.499141e+00	7.989590e-01
18.686294	1.427458e+00	7.622501e-01
18.973423	1.359088e+00	7.271732e-01
19.264964	1.293883e+00	6.936573e-01
19.560985	1.231702e+00	6.616267e-01
19.861555	1.172411e+00	6.310176e-01
20.166743	1.115880e+00	6.017205e-01
20.476620	1.061985e+00	5.737640e-01
20.791259	1.010608e+00	5.471855e-01
21.110733	9.616350e-01	5.218071e-01
21.435115	9.149576e-01	4.973533e-01
21.764482	8.704721e-01	4.741031e-01
22.098910	8.280792e-01	4.519058e-01
22.438477	7.876839e-01	4.307125e-01
22.783261	7.491953e-01	4.104590e-01
23.133344	7.125266e-01	3.911429e-01
23.488805	6.775946e-01	3.727101e-01
23.849729	6.443199e-01	3.551051e-01
24.216198	6.126267e-01	3.383393e-01
24.588299	5.824421e-01	3.220121e-01
24.966117	5.536970e-01	3.068514e-01
25.349740	5.263250e-01	2.922979e-01
25.739258	5.002626e-01	2.783799e-01
26.134762	4.754494e-01	2.650803e-01
26.536342	4.518275e-01	2.524070e-01
26.944093	4.293416e-01	2.403135e-01
27.358110	4.079388e-01	2.287804e-01
27.778488	3.875688e-01	2.177739e-01
28.205326	3.681834e-01	2.072860e-01
28.638723	3.497365e-01	1.972785e-01
29.078778	3.321843e-01	1.877425e-01
29.525596	3.154847e-01	1.786513e-01
29.979280	2.995977e-01	1.699819e-01
30.439934	2.844851e-01	1.617189e-01
30.907667	2.701104e-01	1.538422e-01
31.382587	2.564387e-01	1.463371e-01
31.864804	2.434368e-01	1.391852e-01
32.354432	2.310729e-01	1.323671e-01
32.851582	2.193168e-01	1.258759e-01
33.356372	2.081395e-01	1.196873e-01
33.868918	1.975135e-01	1.137942e-01
34.389340	1.874124e-01	1.081800e-01
34.917759	1.778115e-01	1.028342e-01
35.454297	1.686863e-01	9.774082e-02
35.999079	1.600143e-01	9.289119e-02
36.552232	1.517737e-01	8.827733e-02
37.113886	1.439437e-01	8.387885e-02
37.684169	1.365045e-01	7.969194e-02
38.263215	1.294373e-01	7.571011e-02
38.851158	1.227241e-01	7.191851e-02
39.448136	1.163476e-01	6.830959e-02
40.054287	1.102916e-01	6.486893e-02
40.669752	1.045406e-01	6.160635e-02
41.294674	9.907954e-02	5.849757e-02
41.929198	9.389439e-02	5.555839e-02
42.573472	8.897167e-02	5.272368e-02
43.227646	8.429850e-02	5.004775e-02
43.891872	7.986267e-02	4.750219e-02
44.566304	7.565251e-02	4.508043e-02
45.251100	7.165692e-02	4.277767e-02
45.946418	6.786533e-02	4.058859e-02
46.652420	6.426765e-02	3.850684e-02
47.369270	6.085431e-02	3.652848e-02
48.097135	5.761617e-02	3.464710e-02
48.836184	5.454452e-02	3.285964e-02
49.586589	5.163111e-02	3.116051e-02
50.348525	4.886805e-02	2.954592e-02
51.122169	4.624782e-02	2.801175e-02
51.907700	4.376331e-02	2.655410e-02
52.705302	4.140771e-02	2.516999e-02
53.515159	3.917455e-02	2.385506e-02
54.337461	3.705769e-02	2.260565e-02
55.172397	3.505127e-02	2.141988e-02
56.020163	3.314973e-02	2.029344e-02
56.880956	3.134776e-02	1.922381e-02
57.754976	2.964034e-02	1.820834e-02
58.642425	2.802265e-02	1.724429e-02
59.543511	2.649016e-02	1.633731e-02
60.458442	2.503853e-02	1.546117e-02
61.387433	2.366363e-02	1.463787e-02
62.330697	2.236155e-02	1.385572e-02
63.288456	2.112856e-02	1.311400e-02
64.260932	1.996113e-02	1.241077e-02
65.248350	1.885588e-02	1.174326e-02
66.250941	1.780963e-02	1.111015e-02
67.268938	1.681932e-02	1.051029e-02
68.302576	1.588208e-02	9.940968e-03
69.352098	1.499516e-02	9.401325e-03
70.417746	1.415596e-02	8.889994e-03
71.499769	1.336199e-02	8.405195e-03
72.598417	1.261090e-02	7.945600e-03
73.713947	1.190046e-02	7.510164e-03
74.846619	1.122855e-02	7.097606e-03
75.996694	1.059316e-02	6.706781e-03
77.164442	9.992365e-03	6.336527e-03
78.350132	9.424355e-03	5.985790e-03
79.554042	8.887404e-03	5.653617e-03
80.776451	8.379875e-03	5.339174e-03
82.017643	7.900217e-03	5.041503e-03
83.277907	7.446953e-03	4.759677e-03
84.557536	7.018685e-03	4.495575e-03
85.856827	6.614085e-03	4.240380e-03
87.176083	6.231895e-03	4.001274e-03
88.515610	5.870918e-03	3.775335e-03
89.875720	5.530021e-03	3.561431e-03
91.256730	5.208131e-03	3.358995e-03
92.658959	4.904226e-03	3.167775e-03
94.082735	4.617340e-03	2.986782e-03
95.528388	4.346556e-03	2.815780e-03
96.996255	4.091005e-03	2.654123e-03
98.486677	3.849864e-03	2.501181e-03
100.000000	3.622351e-03	2.356698e-03
101.536577	3.407726e-03	2.220203e-03
103.096764	3.205288e-03	2.091247e-03
104.680925	3.014372e-03	1.969424e-03
106.289427	2.834347e-03	1.854285e-03
107.922646	2.664618e-03	1.745662e-03
109.580960	2.504619e-03	1.643028e-03
111.264755	2.353815e-03	1.546097e-03
112.974423	2.211699e-03	1.454705e-03
114.710362	2.077790e-03	1.368395e-03
116.472974	1.951634e-03	1.286961e-03
118.262671	1.832801e-03	1.210141e-03
120.079867	1.720883e-03	1.137670e-03
121.924986	1.615494e-03	1.069323e-03
123.798457	1.516270e-03	1.004852e-03
125.700715	1.422866e-03	9.441089e-04
127.632203	1.334953e-03	8.868259e-04
129.593369	1.252224e-03	8.328402e-04
131.584671	1.174386e-03	7.819751e-04
133.606570	1.101162e-03	7.340383e-04
135.659537	1.032291e-03	6.888922e-04
137.744050	9.675249e-04	6.463843e-04
139.860593	9.066301e-04	6.063597e-04
142.009658	8.493855e-04	5.686752e-04
144.191745	7.955822e-04	5.332168e-04
146.407361	7.450225e-04	4.998136e-04
148.657023	6.975197e-04	4.684287e-04
150.941252	6.528976e-04	4.388849e-04
153.260580	6.109895e-04	4.111082e-04
155.615546	5.716378e-04	3.849905e-04
158.006698	5.346941e-04	3.604211e-04
160.434592	5.000178e-04	3.373517e-04
162.899792	4.674764e-04	3.156696e-04
165.402872	4.369448e-04	2.953003e-04
167.944414	4.083047e-04	2.761614e-04
170.525008	3.814446e-04	2.581989e-04
173.145256	3.562594e-04	2.413330e-04
175.805765	3.326497e-04	2.255031e-04
178.507155	3.105219e-04	2.106419e-04
181.250054	2.897875e-04	1.967029e-04
184.035100	2.703633e-04	1.836439e-04
186.862941	2.521707e-04	1.713843e-04
189.734233	2.351355e-04	1.598946e-04
192.649644	2.191879e-04	1.491299e-04
195.609854	2.042621e-04	1.390457e-04
198.615549	1.902961e-04	1.295948e-04
201.667429	1.772313e-04	1.207468e-04
204.766203	1.650127e-04	1.124634e-04
207.912593	1.535885e-04	1.047174e-04
211.107329	1.429098e-04	9.746054e-05
214.351155	1.329306e-04	9.068414e-05
217.644825	1.236076e-04	8.433772e-05
220.989104	1.149000e-04	7.840874e-05
224.384771	1.067695e-04	7.287067e-05
227.832615	9.917993e-05	6.769788e-05
231.333437	9.209745e-05	6.286015e-05
234.888053	8.549007e-05	5.834975e-05
238.497287	7.932777e-05	5.413954e-05
242.161981	7.358231e-05	5.021084e-05
245.882985	6.822715e-05	4.654596e-05
249.661165	6.323736e-05	4.312917e-05
253.497400	5.858949e-05	3.994440e-05
257.392582	5.426153e-05	3.698209e-05
261.347616	5.023280e-05	3.421888e-05
265.363422	4.648387e-05	3.164776e-05
269.440935	4.299653e-05	2.925504e-05
273.581101	3.975366e-05	2.702961e-05
277.784884	3.673920e-05	2.496084e-05
282.053261	3.393808e-05	2.303780e-05
286.387226	3.133618e-05	2.125010e-05
290.787785	2.892024e-05	1.959201e-05
295.255962	2.667784e-05	1.805230e-05
299.792796	2.459733e-05	1.662442e-05
304.399342	2.266781e-05	1.530028e-05
309.076670	2.087906e-05	1.407212e-05
313.825870	1.922149e-05	1.293490e-05
318.648045	1.768614e-05	1.188159e-05
323.544316	1.626462e-05	1.090816e-05
328.515822	1.494908e-05	1.000626e-05
333.563720	1.373218e-05	9.173069e-06
338.689181	1.260703e-05	8.403329e-06
343.893400	1.156721e-05	7.692776e-06
349.177586	1.060673e-05	7.036671e-06
354.542967	9.719962e-06	6.431829e-06
359.990791	8.901667e-06	5.874476e-06
365.522325	8.146949e-06	5.360688e-06
371.138855	7.451238e-06	4.888306e-06
376.841688	6.810268e-06	4.453706e-06
382.632149	6.220059e-06	4.053971e-06
388.511585	5.676899e-06	3.686649e-06
394.481363	5.177328e-06	3.349885e-06
400.542871	4.718122e-06	3.040586e-06
406.697519	4.296275e-06	2.757190e-06
412.946738	3.908992e-06	2.497676e-06
419.291981	3.553667e-06	2.260178e-06
425.734723	3.227877e-06	2.043058e-06
432.276463	2.929369e-06	1.844524e-06
438.918722	2.656046e-06	1.663353e-06
445.663044	2.405962e-06	1.498231e-06
452.510998	2.177308e-06	1.347755e-06
459.464176	1.968403e-06	1.210771e-06
466.524195	1.777690e-06	1.086212e-06
473.692697	1.603722e-06	9.731350e-07
480.971348	1.445160e-06	8.704757e-07
488.361841	1.300760e-06	7.775221e-07
495.865894	1.169373e-06	6.934046e-07
503.485253	1.049934e-06	6.173549e-07
511.221690	9.414570e-07	5.486452e-07
519.077003	8.430313e-07	4.867324e-07
527.053018	7.538152e-07	4.310065e-07
535.151591	6.730311e-07	3.808964e-07
543.374605	5.999613e-07	3.359223e-07
551.723972	5.339439e-07	2.956469e-07
560.201634	4.743687e-07	2.596144e-07
568.809561	4.206735e-07	2.274278e-07
577.549755	3.723406e-07	1.987627e-07
586.424249	3.288938e-07	1.732579e-07
595.435107	2.898954e-07	1.506141e-07
604.584423	2.549430e-07	1.305628e-07
613.874326	2.236671e-07	1.128484e-07
623.306975	1.957287e-07	9.722673e-08
632.884564	1.708171e-07	8.349756e-08
642.609320	1.486473e-07	7.145634e-08
652.483504	1.289584e-07	6.092338e-08
662.509413	1.115116e-07	5.174421e-08
672.689377	9.608877e-08	4.376478e-08
683.025765	8.248954e-08	3.685468e-08
693.520978	7.053181e-08	3.089140e-08
704.177459	6.004895e-08	2.576639e-08
714.997685	5.088890e-08	2.137928e-08
725.984172	4.291294e-08	1.763753e-08
737.139475	3.599475e-08	1.446355e-08
748.466187	3.001903e-08	1.178468e-08
759.966943	2.488046e-08	9.535395e-09
771.644417	2.048390e-08	7.656928e-09
783.501325	1.674255e-08	6.099075e-09
795.540423	1.357761e-08	4.815751e-09
807.764510	1.091762e-08	3.765870e-09
820.176431	8.697889e-09	2.914333e-09
832.779069	6.859977e-09	2.229107e-09
845.575357	5.351223e-09	1.683936e-09
858.568270	4.124333e-09	1.254190e-09
871.760829	3.136996e-09	9.195276e-10
885.156102	2.351595e-09	6.627292e-10
898.757203	1.734637e-09	4.681399e-10
912.567296	1.256931e-09	3.234729e-10
926.589591	8.927195e-10	2.177718e-10
940.827350	6.200321e-10	1.423425e-10
955.283882	4.197686e-10	8.986838e-11
969.962551	2.760313e-10	5.445356e-11
984.866768	1.754947e-10	3.140014e-11
